0.61
0.93
2.7
2.4
1.4
1.2
-0.26
-1.8
0.45
2.6
2.5
1.7
1.3
1.1
0.59
0.49
-0.63
1.3
3.3
1.7
1.7
1
1.6
1.6
-2
-1.3
1.7
0.81
-1.7
-3.6
-3.2
-3.3
-3.6
-1.9
0.21
-0.05
-0.8
-0.16
1.9
1.2
-1.9
-3.9
-2.5
-0.61
0.48
0.67
0.55
0.76
0.51
-0.4
0.6
0.85
0.68
0.97
2.3
3.1
1.5
0.3
-0.012
-2.2
-0.85
2.1
0.92
0.14
0.6
-0.7
0.3
1.1
0.41
0.72
-0.38
-2
-1.7
-0.15
0.47
0.95
1.3
1.3
-0.44
-0.62
-0.5
-1.3
-1
-2.1
-2.3
-1.4
-1.6
-1.8
0.087
-0.23
-1.3
-3.2
-3.9
-2.6
0.098
0.31
-1.5
-2.7
-2
0.49
-0.079
-1.4
0.46
0.59
0.38
1.1
-0.56
-0.051
1.7
0.85
-0.96
-1.5
-0.097
0.048
-2.3
-2.6
-0.37
-0.69
-1.4
-2
-1.7
-0.7
-0.42
-0.82
-1.5
-0.31
0.68
0.17
-3.3
-5.2
-2.3
-0.73
-1.8
-2.1
-1.6
-1.4
-0.48
1.7
2.9
3.2
1.9
1.4
0.24
-0.83
1.7
2.4
0.66
-0.57
0.078
2.8
3.2
1.3
2.4
1.8
1.2
0.98
-0.97
0.014
-0.82
-2.1
-1.1
-0.85
-2.3
-2.9
-3.2
-0.61
-0.56
-3.8
-2.5
0.46
0.71
-0.078
0.53
2.2
0.4
0.19
1.3
0.34
1.1
2.4
3
1.9
1.3
1.4
0.3
1.5
2.2
0.94
0.86
1.2
0.069
-0.59
2.3
2.9
0.82
0.83
1.3
0.31
-1.4
-0.57
0.57
0.8
0.42
-1.7
-1.9
1.7
1.1
-1.7
-2.8
-2.6
0.067
0.98
0.013
-1.5
-1.6
0.46
3.3
4.4
2
-0.42
0.038
0.49
0.46
-0.91
-1.8
-2
-2.5
-2.5
-2
-1.1
0.18
0.069
-1.2
0.44
2.5
2.5
3.2
1.7
1.9
3.6
2.7
2
1.3
0.48
-1.5
-1.1
2.3
4.7
3.7
1.5
0.7
1.6
3
2.8
2.6
1.9
1.2
2.1
5.4
5
1.3
0.43
0.12
0.36
0.99
2
0.89
-1.6
-0.044
1.5
-0.16
-1.9
-2.2
-0.72
-0.34
0.78
1.6
1
0.56
-0.087
-0.44
0.85
-0.075
-0.014
0.51
0.66
0.79
-1.1
-1.2
-0.82
0.28
0.19
-2.4
-3.2
-2.5
-2.3
-1.8
-1.5
-1.5
-0.6
-1.1
-0.63
0.35
0.1
-2
-2.7
-1.9
-0.35
1.9
3.1
1.1
-1.2
-1.2
-1.6
-3.1
-1.7
0.0084
0.67
-0.44
-1.5
-2
-2.6
-1.5
-1.2
-2.1
-3
-3.7
-3.5
-0.38
0.56
-1.4
-2.9
-2.4
-1.5
-0.66
-0.34
0.5
1.6
2.3
2
2.1
1.7
1.5
1.2
-0.33
-1.9
-2.4
-2.3
-0.94
0.033
-0.66
-1.7
0.13
1
-1
-1.8
-0.99
0.51
0.79
0.36
-0.81
-0.36
0.59
1.1
2.6
2.4
0.84
-0.66
-1.5
-2
-1.1
-1.6
-3.6
-3.5
-0.85
0.65
-0.14
0.22
0.27
-0.29
-0.13
1.1
2.6
3.4
3.3
2.5
3.1
4.8
4.9
2.8
-0.097
-0.68
-0.67
-0.44
-0.51
0.28
3
3.9
3.1
1.9
3
2.8
2.5
3.7
2.9
-2
-3.7
-1.3
-1.5
-2.9
-1.3
-2.6
-3
-1.3
-1.4
-1
-0.3
0.17
0.39
-0.28
-0.28
1.5
2.4
3
2.1
1.2
1.5
0.24
-1.3
0.69
0.95
0.67
0.76
-1
-2.8
-3.6
-4.3
-4.2
-1.4
-0.36
1.1
1.7
-0.41
-1.2
-1.3
-1.4
-0.87
-0.22
0.74
1.4
1.8
1.5
-0.11
-0.24
0.68
0.2
-0.63
0.53
2.4
2.2
0.56
1.6
0.7
-1.6
-0.53
-0.46
-0.03
-0.24
-0.31
0.13
0.8
2.4
1.9
1.3
-0.79
-2
-2.2
-1.7
-0.51
-0.45
-0.56
0.58
0.84
2.1
0.41
-1
2
1.4
-1.2
-1.5
-0.83
-0.5
-0.85
1.2
2.1
2
-1.3
-1.8
1.5
1.2
